time,x,y,z,phi,theta,psi,x_velocity,y_velocity,z_velocity,phi_velocity,theta_velocity,psi_velocity,rotor_speed1,rotor_speed2,rotor_speed3,rotor_speed4
0.06,6.770866303294368e-08,2.6946174217940735e-07,10.004784349282636,0.00024224718734977557,6.283085815653099,0.0,7.5199846020505355e-06,2.354014661318484e-05,0.1594686787176272,0.011088233643864579,-0.005200199421350976,0.0,456.5019912440067,456.086962217576,454.0152790486216,454.90381975502225
0.12000000000000001,3.854738432446165e-06,1.161077614859778e-05,10.02067940655307,0.0016404898979853755,6.283113301424192,0.0,0.00013331335053013235,0.0004852252823647424,0.37032128340441217,0.04051686339220416,0.00988026069568252,0.0,470.5256833023591,471.69152538705623,469.3649692948297,471.6429904012227
0.18,1.1082989366419325e-05,8.835368396575564e-05,10.047935116631624,0.004246137839609254,0.00023551592122039722,0.0,5.463051239268458e-05,0.0023555434201104116,0.5381370998825098,0.04869036556865833,-0.00666672607373125,0.0,458.6422903859672,457.3263410536854,457.8540264711768,458.50472602321247
0.23999999999999996,1.0099085975070153e-05,0.00034617438286005994,10.086891388235049,0.007207858719885607,0.00010598583035204001,0.0,-5.711375727756655e-05,0.006591195013671938,0.7602819081704797,0.05067213173516827,0.005602981406652585,0.0,472.9039467130723,473.8480147296985,475.3662484593915,475.51940513126186
0.3,3.279137424906015e-06,0.0009027072580290236,10.135556892561508,0.010408343215541294,0.0002515488334697835,0.0,-0.00019576134091768143,0.012278835604338813,0.8618273846798967,0.05820515113390869,-0.004836488992000084,0.0,439.118028225287,438.25125311815,437.00817276652606,437.63746370094066
0.36000000000000004,-1.196363830590867e-05,0.0018371648710563753,10.187437419585319,0.014467141257720861,6.2830971729663885,0.0,-0.0002846477593881276,0.019206216570427845,0.8675151701926878,0.08185909717034485,-0.007364491803541995,0.0,406.54948326984567,406.32303348234166,405.8265491762872,407.9476490085817
0.4200000000000001,-2.615330721010544e-05,0.003246482784897672,10.238537957263901,0.019406199609203867,6.282559233121638,0.0,-0.00014808111495026658,0.028177811900620096,0.8358533716152362,0.08321872961177285,-0.012377437047388322,0.0,394.49357673267065,394.03058491321553,393.1223033192787,393.2547221441594
0.48000000000000015,-2.1071320681485674e-05,0.005322773581010202,10.289931356045546,0.025369326847894058,6.282250543716707,0.0,0.00036378775902489086,0.04155313228216737,0.8772174024318777,0.12026385367425264,0.006386716333485434,0.0,418.104181200031,419.73565832980074,416.77265011857185,420.00606306743026
0.5400000000000001,2.169806783745873e-05,0.008460518309799995,10.349030640694798,0.032749841032219784,6.282483944057919,0.0,0.0010243346053761427,0.06390305058790596,1.09255298240344,0.12799479114420925,-0.0016407583366412574,0.0,473.1618506092625,472.5434570776299,472.7809243991138,473.388790923799
0.6000000000000002,0.00010275580963288314,0.013296063498944279,10.426223779535631,0.04018730504533785,6.283148398872889,0.0,0.0016252303660628075,0.09836214145157798,1.4800931031396962,0.1143385971759043,0.02878859596736779,0.0,520.44009499335,522.5652511025619,522.0742705333173,521.1320486543322
0.6600000000000003,0.00019344705298088364,0.020205465291918797,10.521650932776458,0.047486968237025806,0.0016303468687306477,0.0,0.0011942739468405125,0.13279021638196023,1.7004719053977297,0.13329807320852247,0.025706726546992815,0.0,476.2357592236698,476.0001346302164,474.92300447540885,476.3869503225783
0.7200000000000003,0.0002320693632823681,0.02901478849189874,10.623191815993533,0.05601282078984937,0.0032981362793975677,0.0,-4.343504061140517e-05,0.16155866218263842,1.6842098699322006,0.15555211206379543,0.03167822150832288,0.0,401.6659595191838,402.2073957103951,400.1390644669845,402.18048539218444
0.7800000000000004,0.00016224620527957346,0.039771697508956504,10.724987301989277,0.06508445231129567,0.005084940046875097,0.0,-0.002451925253956339,0.19783975281593655,1.7088819411661804,0.14063565871125278,0.02568514244367163,0.0,415.32093966949344,414.7953484883861,416.69508339332776,415.4122405358175
0.8400000000000004,-0.0001145239018553349,0.0532377036252553,10.833771719975724,0.07364041458731752,0.007263185092559077,0.0,-0.006998556038495096,0.2520065938805026,1.9168634477785271,0.14625888792341274,0.05183837620507116,0.0,472.1531608450655,474.16690785972423,473.1424200782827,473.5926806048277
0.9000000000000005,-0.0007072770581299413,0.07001613746970402,10.953121443512204,0.08232106685906615,0.010073343975981253,0.0,-0.013082891643671,0.3082010801437504,2.0611268865888466,0.14131510456437252,0.03425985861009276,0.0,455.50226841534226,454.0956313077439,455.3199381367792,454.9432890209133
0.9600000000000005,-0.001695762578223631,0.09013318033532787,11.078466374654953,0.09047330120780828,0.012685612042174554,0.0,-0.020093328537888203,0.3631521026326047,2.1168544111093883,0.12183303044791648,0.05756369197433427,0.0,427.07899938517227,429.06302717724253,428.0932650853197,426.4500117241552
1.0200000000000005,-0.0032012542717124344,0.11398178108743386,11.210198912849586,0.09742801484888997,0.016483097745662256,0.0,-0.030489693819595803,0.4325607786869227,2.2738362948496103,0.10017358052450359,0.07280609833394236,0.0,459.7840143930966,460.9926692830431,460.395229975461,458.68970669895816
1.0800000000000005,-0.005378999295934707,0.1419146685699703,11.349011631118499,0.10335723992135026,0.020971808398666525,0.0,-0.04253917243400523,0.49910387173087595,2.353011047115689,0.09596898373931223,0.07854653091814004,0.0,436.03728618501935,436.521053977467,436.9159114745677,436.5738124733629
1.1400000000000006,-0.008381501650179821,0.17400570291236497,11.493023372093466,0.10937607107520808,0.025764363648766775,0.0,-0.05802276525343936,0.5711648152135482,2.447089145790865,0.10782575011867289,0.08240879594675987,0.0,441.5737741862619,441.89742269483554,441.3723498348921,442.3584618262444
1.2000000000000006,-0.012433106387985293,0.21063003315729542,11.64343278437721,0.11573799500261828,0.030522916374672526,0.0,-0.07753554586715379,0.6502793684077791,2.566182807751205,0.10218251545573923,0.07225502278341121,0.0,450.7403650082511,449.92397568888,450.5029661053686,450.05611929684414
1.2600000000000007,-0.017768425083235118,0.25218387735237113,11.801396018877568,0.1222425982619173,0.03498823724377864,0.0,-0.1007713520143372,0.7354771224414357,2.6988275037635026,0.11860748464978589,0.07843535235207842,0.0,455.41466413768177,455.91289533727553,454.2869018982533,455.6119061720938
1.3200000000000007,-0.024492429257482976,0.2986340998881623,11.964417183885534,0.12923947476482134,0.03960840970230439,0.0,-0.12379285621627123,0.8134914110083341,2.7349955291023624,0.11230146401416402,0.07397381444253144,0.0,425.51166611399503,425.1345413204299,425.88927230162426,425.36239141937966
1.3800000000000008,-0.033059370717187224,0.35109921854342857,12.138782361875538,0.13602646813892694,0.04419948052673206,0.0,-0.16236173090254916,0.9361423247013514,3.076113840225349,0.11469745618852187,0.08117142959316719,0.0,517.1229986247279,517.633456508766,516.5368765682505,516.7152305434922
1.4400000000000008,-0.043825473213525874,0.4103639115610957,12.328177942781577,0.1431718836074598,0.04872573709378791,0.0,-0.19701561558965336,1.0400418656377275,3.2364409477815346,0.12667305298357437,0.060373038261785174,0.0,468.01419457137325,466.3966203273463,467.0406613507837,467.9856810885062
1.5000000000000009,-0.05676521838803276,0.47601236263303104,12.527092696870065,0.15106790537704473,0.05274039026902688,0.0,-0.23471188648268973,1.1490037023161288,3.393381331385684,0.13997168733245852,0.07752839169688935,0.0,466.76442244939483,468.1043880645428,467.35647623587136,468.40670889243285
1.560000000000001,-0.07227400739300607,0.5489759418628922,12.739300216371454,0.1589666477273335,0.05774244645230553,0.0,-0.2828293990128892,1.2840127157911003,3.679028129728599,0.10458049214409232,0.09303553243803939,0.0,506.37647805808416,507.4954502133681,507.1558615332972,504.62035386653696
1.620000000000001,-0.09040120311314309,0.6291328155448176,12.961800750995973,0.1647924360021804,0.06344213518111275,0.0,-0.3219421778921324,1.3884012857695718,3.7372614600530136,0.07470602431682066,0.09864804782588359,0.0,440.23860926358367,440.7105348172507,442.2015210473251,439.7413009063364
1.680000000000001,-0.11117107044238116,0.7161200937873099,13.190559837519283,0.16891472326289936,0.0693295591119103,0.0,-0.3710021271579416,1.5115175162810126,3.8873225400720024,0.05265919208369883,0.09705477353970207,0.0,469.87163181335234,469.7557785674602,471.35379905564827,469.6499677756383
1.740000000000001,-0.13472011576677909,0.8098625925860037,13.42414625995267,0.17186017655892982,0.07575583198399372,0.0,-0.41451457985526635,1.6134477325008771,3.8986881802602698,0.040781298570711756,0.12200313531427573,0.0,427.4597632734542,429.59090307900567,427.50261612591953,426.49080605313344
1.8000000000000012,-0.16112415791653714,0.9100359654271581,13.659959750783704,0.1746302889948641,0.08305035721825327,0.0,-0.4663111052223277,1.7258199589657166,3.9613525934973914,0.05520606256088791,0.12070684452887766,0.0,445.8821753672425,445.7895598717587,443.46084964684604,444.64548009655164
1.8600000000000012,-0.1910140335578702,1.0174814376754364,13.902230985585055,0.17834561139685157,0.09031791184736893,0.0,-0.5307689957750535,1.8559177699116622,4.113554533087778,0.07277618408401058,0.1219503424615538,0.0,473.5005196383711,473.6084385412129,472.9941377781555,474.34786709955796
1.9200000000000013,-0.2246910732813935,1.1323348131912532,14.15098493272743,0.18228733644090855,0.09727934075561695,0.0,-0.5924711733471326,1.9728208988484925,4.177750430556658,0.04521023109718616,0.10026564107795344,0.0,449.10333331395776,447.35253235081734,449.0220563530707,446.7829320925259
1.9800000000000013,-0.26204577531181766,1.2539704354291645,14.401983211814612,0.18460802279871835,0.10275393042792214,0.0,-0.6532030465200084,2.081844464580424,4.188616793107848,0.020550084271672237,0.05908443997632684,0.0,434.1008407223398,430.6375057475535,432.2075362191776,430.1246271912923
2.0400000000000014,-0.3034472088433782,1.3827239235852238,14.656564188209861,0.18613652973791694,0.10640147798077138,0.0,-0.727167707670355,2.20992127798936,4.296811772092226,0.033849994163424935,0.06400525075287587,0.0,462.99708277385554,463.3865682424994,462.9993197246196,464.0447090622051
2.1000000000000014,-0.34967631179503694,1.5197208331250378,14.92046020057293,0.18880257969518421,0.11031157322287566,0.0,-0.8141615219428122,2.3566785248385744,4.498660135954326,0.05992972840824763,0.06739729255918389,0.0,492.52124197334047,492.77474798899,491.74123606564416,493.6703901063376
2.1600000000000015,-0.40064630500097403,1.6646088878161862,15.191383396855908,0.19207247633850422,0.11405350165034989,0.0,-0.8851775759600928,2.4731253169794876,4.531733816053989,0.040491698819899447,0.04969610455292629,0.0,443.83660308721545,442.38398547188416,444.0736171295921,442.4779717399922
2.2200000000000015,-0.4561056316552171,1.8167935183495088,15.465637715493667,0.19415589174813874,0.11662583285430284,0.0,-0.96370096373797,2.5997590986686347,4.609525091728701,0.019527854661217557,0.023518492755578328,0.0,459.6256677496267,457.54691235347,458.675646057849,457.00794677329225
2.2800000000000016,-0.516759140598755,1.9773102863849217,15.74816247748191,0.19506488753513018,0.11931170150096637,0.0,-1.058230244593319,2.750642551193073,4.806885847572701,0.004516527463436557,0.0695734363364158,0.0,493.46826462597244,496.8574353626601,496.0624992742242,494.95871739967504
2.3400000000000016,-0.5827468350613778,2.1462140324471806,16.03914352448236,0.19516019210838476,0.1244907816849663,0.0,-1.141786389803197,2.879303717069452,4.891883833561291,-0.005027387616895137,0.10768613771253355,0.0,463.32573592412086,466.3182483457291,463.23943109094733,462.48819967703406
2.4000000000000017,-0.653914717769654,2.322897936747234,16.335612574857294,0.19533211085673496,0.13110391837601476,0.0,-1.23107841775458,3.009932562574786,4.989716892851234,0.015231434909897005,0.11485237664579913,0.0,468.247639176591,468.8149035618565,468.8266473973354,470.39829633339895
2.4600000000000017,-0.7303395422778564,2.5070532307825486,16.6361481536434,0.1964108864897609,0.13830691229034997,0.0,-1.3170401256980846,3.1284976410570287,5.027677402331204,0.022975792284890877,0.12881198274804972,0.0,450.1523343411161,451.2933835740409,452.6572190795923,453.2800407719251
2.520000000000002,-0.8116217984803702,2.6977087801455193,16.93585580266127,0.19762243698906712,0.14630244851309726,0.0,-1.3930160038682318,3.226711307178358,4.962614640246864,0.013947168066990472,0.14092191950323513,0.0,418.709587309161,419.7794091222349,418.59723020363907,417.81065204021803
2.580000000000002,-0.8982208874554124,2.8950802329867824,17.23576795066629,0.1984424499521369,0.15494010350476284,0.0,-1.4943943335713477,3.3521897423797467,5.033775919500534,0.013100350279244541,0.14942908645561023,0.0,462.3936512395356,463.08185037749007,463.9350618820659,463.8684324071748
2.640000000000002,-0.9903981079215867,3.0991202289969744,17.53568758275241,0.19964559828301365,0.16393247402170186,0.0,-1.5789127010802282,3.449132434977388,4.9635733117657415,0.03121979409770073,0.1507448327661953,0.0,418.231058596477,418.36831407396875,417.7062058703203,419.2837059670529
2.700000000000002,-1.0882035592510013,3.3094647340157377,17.83378857750063,0.2018031830094129,0.17350678462047586,0.0,-1.6820727936137065,3.5623501944006213,4.972680945286873,0.0440631461624036,0.1730574807763068,0.0,444.0061577445101,445.85698937080247,444.635799831932,445.68750760775873
2.760000000000002,-1.1927550084586789,3.527043977722161,18.134477877606823,0.20439793666369255,0.18374708937022,0.0,-1.8039007899308177,3.690281186961804,5.049417270178987,0.04155964147669954,0.16542164151915079,0.0,466.71283336414876,466.14277124567906,468.89871395029485,468.705083091782
2.820000000000002,-1.3050133981313297,3.752526774422265,18.440707366788583,0.2069470048858033,0.19407948841903444,0.0,-1.9389599891400724,3.8257531544438512,5.157143385469817,0.044272301844543976,0.18314278775955123,0.0,478.64289698819067,480.0157087384393,478.54851091537193,478.75582983894765
2.880000000000002,-1.4261047590975888,3.9866840508840182,18.75582943553979,0.20932160258957389,0.20469562801455687,0.0,-2.09842963576256,3.9793423089551534,5.345292671449589,0.02797441200708346,0.16013096647942984,0.0,505.6614140802325,504.02636913252405,505.9870354216507,504.812727884484
2.940000000000002,-1.5556995274897598,4.22877005711625,19.076047414981698,0.21069317317394187,0.21412202526337687,0.0,-2.2221854614716303,4.090122279986041,5.328228271414697,0.009912241387503792,0.15025348078533188,0.0,445.5451310617406,444.75992961769606,445.77602193975326,444.29731261845603
3.000000000000002,-1.6934221238101674,4.478002769675835,19.397595782625245,0.210964875577492,0.22340561244286228,0.0,-2.3693361664928227,4.2173671290469485,5.389191422769979,-0.009323643693030334,0.16242705512405498,0.0,469.9821625577058,470.945987878626,472.2740428368688,470.7876699572401
3.0600000000000023,-1.840111190165392,4.734787902308863,19.72253266052714,0.21132852395596302,0.23340588132668305,0.0,-2.5211257034157524,4.3418193134501175,5.4411923332133325,0.026271985739739233,0.17402724855365698,0.0,469.5770166445578,470.50097982687413,468.5785877805636,471.3382168289151
3.1200000000000023,-1.9961978795952806,4.999094007979074,20.05090122623667,0.21297923515787875,0.24382640612009343,0.0,-2.6826233348372805,4.468196740230459,5.503400184659471,0.029882599617493847,0.1729633391362831,0.0,475.1180329934166,475.063306928214,474.9162037642456,475.193255450929
3.1800000000000024,-2.1608496068716794,5.26985067498213,20.377738469442686,0.21468455905966088,0.2540025812361133,0.0,-2.806595348822914,4.557031171232741,5.391216781103903,0.025328668077785034,0.16186639002115036,0.0,419.6060450026578,418.67070046488095,420.18133670393513,419.7865159127209
3.2400000000000024,-2.3340457613635555,5.5467044364963805,20.701369493106796,0.216214659365491,0.26382260079478304,0.0,-2.9673912191574208,4.671273369311996,5.395772389544461,0.02584540897959162,0.16704040963462527,0.0,459.09474189316944,459.52973799869017,458.6689301021997,458.7100700445146
3.3000000000000025,-2.5170271655070686,5.83036367333355,21.025048484747032,0.2180381100806903,0.27417671989032844,0.0,-3.1327984645875815,4.783888414197327,5.392805394730836,0.03820692050822027,0.1817964760059774,0.0,457.0980707410276,458.3002190551677,458.09067940601904,459.0731049585871
3.3600000000000025,-2.7097879034325043,6.120514211232552,21.34731969430925,0.22042506933163164,0.28539049283869744,0.0,-3.293431265465161,4.887732524595602,5.3490226315590945,0.04276053811841107,0.19551340251732716,0.0,446.2607982132186,447.41284259414425,445.5950549132644,445.96804501338556
3.4200000000000026,-2.9124330673375134,6.416931840241501,21.667067201225354,0.22312064414865862,0.2975498063858488,0.0,-3.4623376690107537,4.992790589076709,5.308576594276279,0.048938362992490034,0.21405337601165242,0.0,448.89726927420094,450.43894127491757,447.53739714190584,448.0412231536491
3.4800000000000026,-3.1254069901864137,6.719641197072935,21.984253451232007,0.22621230338783516,0.3109599058005692,0.0,-3.637800849831457,5.097467611874899,5.263573658530249,0.05625798927481321,0.23770629835737545,0.0,447.5091820264511,449.47915861495756,448.718558868685,449.3141930737178
3.5400000000000027,-3.348666877396874,7.028307314400266,22.29722786042068,0.22939271953653861,0.32574390371873196,0.0,-3.805285554446356,5.19139619436583,5.168418550329904,0.0455524502241829,0.2597186767644526,0.0,432.2784772200477,434.1916721303542,433.75535398761434,432.857006483929
3.6000000000000028,-3.582517150900822,7.34281328217015,22.605288254989766,0.2327423897316354,0.34188481126088277,0.0,-3.9909001843648517,5.292051264822216,5.099485242691953,0.07098282857179457,0.2830399862227404,0.0,443.49254029857565,445.4765452032146,441.72274738504905,443.81749571862395
3.660000000000003,-3.8280377698035846,7.663534442540987,22.909831957971353,0.23704840503603286,0.3593815906018154,0.0,-4.19436994178731,5.398605647194228,5.050873805144027,0.07328991477313296,0.3047831015467402,0.0,452.04449405913795,453.8774334298878,452.0582727792095,452.2480560638531
3.720000000000003,-4.085094792625218,7.990060636879478,23.208852054958903,0.2412819111068183,0.37743621176218234,0.0,-4.375462726216853,5.485614744025493,4.91589156849057,0.06444699266152616,0.29177784001116347,0.0,425.68867617210077,424.67054323374055,424.7020399357565,423.9467086704731
3.780000000000003,-4.354449605279365,8.322512790506263,23.502519467942992,0.24511864010524054,0.39521708618458185,0.0,-4.604255809680145,5.595963665247262,4.871713069548577,0.06292360750213027,0.30418430839508864,0.0,457.940936488759,459.0130717656636,458.1128887008086,457.9945577849877
3.840000000000003,-4.638164693528161,8.661772789814098,23.794150261624743,0.24932397340258206,0.4135346054236164,0.0,-4.854141973387231,5.712486416190768,4.847707828175771,0.08152849335628655,0.3074147218198238,0.0,468.5001831744355,468.8410642235943,467.02005782739656,468.4727375933338
3.900000000000003,-4.935885636190883,9.007295414254923,24.08131293209301,0.25387958951205203,0.43181188243689395,0.0,-5.071091420495588,5.804869769466811,4.723429852331058,0.06133259847997463,0.2983682466361873,0.0,435.9815071112626,435.32136113752176,438.8948685495642,437.21944546545575
3.960000000000003,-5.246014899433412,9.357880043462766,24.35905959026867,0.25760319174537916,0.45009293236265524,0.0,-5.267750349427169,5.881206954268256,4.534316763663575,0.06347596805089718,0.3149857473174586,0.0,414.0490161196733,415.6101292851364,414.6853573863127,414.87672445133586
4.020000000000002,-5.570002931020899,9.713977946749212,24.628954874604652,0.26110577175844085,0.46890149203316245,0.0,-5.5330038136312805,5.98841897888517,4.460643878883186,0.04548467774061354,0.3102804672825808,0.0,459.1725392838065,458.89597048655776,459.6567164013155,458.2304922233699
4.080000000000001,-5.9101465475259864,10.076443969238925,24.894135317224567,0.2638692989613398,0.48838095886537847,0.0,-5.8062529743300235,6.093371693517014,4.377137924151455,0.04718262317266195,0.34391998750855624,0.0,458.0307436146,460.8010090108594,458.9237426107862,459.05970866642036
4.14,-6.2663966906083095,10.444866119170184,25.153036864001628,0.26668317769175864,0.5093120619196956,0.0,-6.069956271337035,6.186973672555897,4.251492559525354,0.04632271426484123,0.35721537023060773,0.0,447.4552562532068,448.6603455481221,447.6294005039952,447.560689619821
4.199999999999998,-6.63828937606655,10.81862437929699,25.40338197384322,0.2701423966155092,0.530883654395506,0.0,-6.327670428065195,6.2712763687615345,4.092038226142215,0.07394831730502052,0.3637765082565306,0.0,437.89658479959456,438.5773569690418,438.1533911974736,440.44707131753063
4.259999999999997,-7.024939619746143,11.19694587277311,25.64234888708597,0.27438412864651696,0.5529955584253559,0.0,-6.561876265218832,6.339214197345953,3.872561350616968,0.0632378638788104,0.3766365822215398,0.0,418.4282454793487,419.6954469065265,418.6087341178741,417.67947062712517
4.319999999999996,-7.42709007169812,11.5798169514922,25.869806098716406,0.2777757873614908,0.5758374993767124,0.0,-6.844265953749588,6.422713707599835,3.707719571934215,0.03766357567324586,0.3877669761315324,0.0,442.1553232914447,443.2218542654357,444.8605209837859,442.76278855675395
4.379999999999995,-7.849110131409496,11.968728842967352,26.09099994795316,0.2796407580353222,0.5985081680691167,0.0,-7.2239879790721755,6.540117186150845,3.662496894603777,0.012752873132098268,0.3342169443687085,0.0,493.95725658299926,490.1186473560184,493.5508062171111,491.7084731102038
4.439999999999993,-8.293410860639503,12.364228863127797,26.307974978106554,0.2807821809879947,0.6184636373891816,0.0,-7.586747495392458,6.6423428485016744,3.5676213464027504,0.029286649310816214,0.329133998305255,0.0,480.38006602665087,480.0987920570011,481.19978471990714,482.45010658281564
4.499999999999992,-8.757047714164454,12.764697323814769,26.515334681873497,0.28270586202128545,0.6381800473063768,0.0,-7.868721306809102,6.70607403600271,3.343061078303669,0.03710089610208539,0.32753420135556544,0.0,437.25261158065695,437.2319191061085,434.9168626025205,435.57151237670064
4.559999999999991,-9.240330893999376,13.169834864332694,26.712225868024483,0.28516460350332373,0.6574270073915187,0.0,-8.241216896517495,6.7977063438635,3.217515151884647,0.04778258092643725,0.30181394968378994,0.0,480.62063744094075,478.7627254155707,479.191246726067,480.0035689307712
4.6199999999999894,-9.744075741598854,13.5795942913103,26.898648412965382,0.28848076580345694,0.675504341735861,0.0,-8.550918390984918,6.860394534606674,2.9949703492248716,0.06712135540375991,0.3002204138464548,0.0,447.42378034629354,447.3857895000374,446.1769500666565,447.75561397354807
4.679999999999988,-10.265345854970311,13.992589180178495,27.069986299156078,0.29220372011758666,0.6933824002312798,0.0,-8.82550010862538,6.905682515437547,2.715108534004625,0.049248408215112754,0.29304536908770507,0.0,427.6184506634408,427.1007721100542,427.61200678753687,426.0889532494831
4.739999999999987,-10.80239790713211,14.407919916246312,27.2233276598109,0.2951892177910329,0.7105930407552679,0.0,-9.077091215332027,6.938266147367629,2.395405659769307,0.050758701328495616,0.2700862281645412,0.0,412.9915445456113,411.0504710912112,412.9107528583193,413.04578211885047
4.799999999999986,-11.356460345941091,14.825709570766577,27.359239402461704,0.29834970663577387,0.7265631385855542,0.0,-9.392143036354533,6.987465214378352,2.1334419933393787,0.05625400726574844,0.25690446750965,0.0,442.0245784733214,441.0082698581991,441.5830908152882,442.0381814577009
4.859999999999984,-11.931230225295385,15.246895128487688,27.48094749852034,0.30223856446136654,0.7429125450366909,0.0,-9.766954380597074,7.051299343823781,1.9212545926848843,0.0779906991906738,0.29284300266386,0.0,467.264022921872,470.127223477719,466.48716980308785,468.1848712059608
4.919999999999983,-12.525060723121271,15.67064563396282,27.585900776737887,0.30713936256121155,0.7606761212883528,0.0,-10.028065909003057,7.073270617327201,1.5760733928649728,0.08818768189618383,0.30180781532014006,0.0,414.6243313786889,415.5073009553088,413.06945681430915,413.9740387190821
4.979999999999982,-13.137173242873402,16.096408501535766,27.672381077814627,0.3129242882200822,0.778651323259214,0.0,-10.37579798882912,7.11813298217222,1.3044529510546177,0.10918594890658832,0.29474038161808713,0.0,453.0990440122139,452.61978841125256,452.2926005689223,453.98886709974755
5.0399999999999805,-13.769336611929338,16.52446662547596,27.74133353121561,0.31951058823970424,0.7960805359944985,0.0,-10.696486366976432,7.149857480212467,0.9920925425355336,0.11091710492604984,0.28025555110505235,0.0,441.9198609947538,440.8098641281299,439.98509278479565,440.1392226351041
